rf [-0.1408935959002382, 0.6701425632030273, 0.6758640368759241, 0.4356570803975076, -0.1363368820840023, 0.4419609691548454, 0.36741504810678316, -0.08476374817115473, 0.45815045952939193, 0.18352504750855092]
lr [-0.27067262123829705, 0.47305096944231384, 0.4598720942532769, 0.42294401874713716, 0.03619538634095765, 0.4309285260046263, 0.19796681636887814, 0.00017895583512639313, 0.3842068952485431, 0.23630123250212487]
svc [0.16001469209391828, 0.5886008096274209, 0.4432955349810367, 0.48377817594320904, 0.07450358725675121, 0.4709452679220677, 0.36444032320516406, -0.0505968336634377, 0.2033862373946862, 0.18404096694699712]
xgb [0.004135564613442666, 0.6552024931956991, 0.7181831311138338, 0.418568086933937, -0.05047579764945298, 0.41518995173749884, 0.3151966290548215, -0.0834354167057294, 0.47663693094621185, 0.33867667017408176]
[-0.11222167274496364, 0.662227695634469, 0.6889590956330984, 0.44228451505270405, -0.12126246809707908, 0.4367724128262974, 0.36805414608307674, -0.09969100808640818, 0.45508273213310246, 0.17236552328101618]
[-0.27067262123829705, 0.47305096944231384, 0.4598720942532769, 0.42294401874713716, 0.03619538634095765, 0.4309285260046263, 0.19796681636887814, 0.00017895583512639313, 0.3842068952485431, 0.23630123250212487]
[0.16001469209391828, 0.5886008096274209, 0.4432955349810367, 0.48377817594320904, 0.07450358725675121, 0.4709452679220677, 0.36444032320516406, -0.0505968336634377, 0.2033862373946862, 0.18404096694699712]
[0.004135564613442666, 0.6552024931956991, 0.7181831311138338, 0.418568086933937, -0.05047579764945298, 0.41518995173749884, 0.3151966290548215, -0.0834354167057294, 0.47663693094621185, 0.33867667017408176]
[-0.1654408284106479, 0.6730251035746457, 0.6905820785833499, 0.4308018427772582, -0.11655553044571088, 0.43225327711336037, 0.3650813250585013, -0.0744735606977811, 0.4617817867522309, 0.17578240126447875]
[-0.27067262123829705, 0.47305096944231384, 0.4598720942532769, 0.42294401874713716, 0.03619538634095765, 0.4309285260046263, 0.19796681636887814, 0.00017895583512639313, 0.3842068952485431, 0.23630123250212487]
[0.16001469209391828, 0.5886008096274209, 0.4432955349810367, 0.48377817594320904, 0.07450358725675121, 0.4709452679220677, 0.36444032320516406, -0.0505968336634377, 0.2033862373946862, 0.18404096694699712]
[0.004135564613442666, 0.6552024931956991, 0.7181831311138338, 0.418568086933937, -0.05047579764945298, 0.41518995173749884, 0.3151966290548215, -0.0834354167057294, 0.47663693094621185, 0.33867667017408176]
[-0.1657152771747752, 0.6727413815430694, 0.7042450937835195, 0.4371634147187511, -0.13727431113199984, 0.4304044928209585, 0.37074211671232393, -0.0926031671119405, 0.4412258960308293, 0.1813330137584821]
[-0.27067262123829705, 0.47305096944231384, 0.4598720942532769, 0.42294401874713716, 0.03619538634095765, 0.4309285260046263, 0.19796681636887814, 0.00017895583512639313, 0.3842068952485431, 0.23630123250212487]
[0.16001469209391828, 0.5886008096274209, 0.4432955349810367, 0.48377817594320904, 0.07450358725675121, 0.4709452679220677, 0.36444032320516406, -0.0505968336634377, 0.2033862373946862, 0.18404096694699712]
[0.004135564613442666, 0.6552024931956991, 0.7181831311138338, 0.418568086933937, -0.05047579764945298, 0.41518995173749884, 0.3151966290548215, -0.0834354167057294, 0.47663693094621185, 0.33867667017408176]
[-0.11621330941610775, 0.6726939957402788, 0.6742869128403044, 0.4474757640374417, -0.1074834630422794, 0.44096331995387406, 0.3916351012142891, -0.07416035965138312, 0.4308083621512542, 0.1824325979513659]
[-0.27067262123829705, 0.47305096944231384, 0.4598720942532769, 0.42294401874713716, 0.03619538634095765, 0.4309285260046263, 0.19796681636887814, 0.00017895583512639313, 0.3842068952485431, 0.23630123250212487]
[0.16001469209391828, 0.5886008096274209, 0.4432955349810367, 0.48377817594320904, 0.07450358725675121, 0.4709452679220677, 0.36444032320516406, -0.0505968336634377, 0.2033862373946862, 0.18404096694699712]
[0.004135564613442666, 0.6552024931956991, 0.7181831311138338, 0.418568086933937, -0.05047579764945298, 0.41518995173749884, 0.3151966290548215, -0.0834354167057294, 0.47663693094621185, 0.33867667017408176]
[-0.14490978034526547, 0.6499820986698799, 0.6806269825483647, 0.4547345749548415, -0.11353735826013289, 0.44884891191556153, 0.36480194900803853, -0.0970885056570685, 0.4586153220691872, 0.17830082203874642]
[-0.27067262123829705, 0.47305096944231384, 0.4598720942532769, 0.42294401874713716, 0.03619538634095765, 0.4309285260046263, 0.19796681636887814, 0.00017895583512639313, 0.3842068952485431, 0.23630123250212487]
[0.16001469209391828, 0.5886008096274209, 0.4432955349810367, 0.48377817594320904, 0.07450358725675121, 0.4709452679220677, 0.36444032320516406, -0.0505968336634377, 0.2033862373946862, 0.18404096694699712]
[0.004135564613442666, 0.6552024931956991, 0.7181831311138338, 0.418568086933937, -0.05047579764945298, 0.41518995173749884, 0.3151966290548215, -0.0834354167057294, 0.47663693094621185, 0.33867667017408176]
[-0.15400702851371428, 0.6568609456435375, 0.6874080832442293, 0.4303954977843377, -0.1106525678645578, 0.43205726942301703, 0.3589782449308596, -0.10168792681237893, 0.4556507729966264, 0.18730906784276635]
[-0.27067262123829705, 0.47305096944231384, 0.4598720942532769, 0.42294401874713716, 0.03619538634095765, 0.4309285260046263, 0.19796681636887814, 0.00017895583512639313, 0.3842068952485431, 0.23630123250212487]
[0.16001469209391828, 0.5886008096274209, 0.4432955349810367, 0.48377817594320904, 0.07450358725675121, 0.4709452679220677, 0.36444032320516406, -0.0505968336634377, 0.2033862373946862, 0.18404096694699712]
[0.004135564613442666, 0.6552024931956991, 0.7181831311138338, 0.418568086933937, -0.05047579764945298, 0.41518995173749884, 0.3151966290548215, -0.0834354167057294, 0.47663693094621185, 0.33867667017408176]
[-0.129389267114554, 0.6748133034150603, 0.6819039370302052, 0.44497405642122256, -0.1097839576142583, 0.42774585755693784, 0.34228819742205197, -0.09692133915499945, 0.44509920109508816, 0.15827879888699203]
[-0.27067262123829705, 0.47305096944231384, 0.4598720942532769, 0.42294401874713716, 0.03619538634095765, 0.4309285260046263, 0.19796681636887814, 0.00017895583512639313, 0.3842068952485431, 0.23630123250212487]
[0.16001469209391828, 0.5886008096274209, 0.4432955349810367, 0.48377817594320904, 0.07450358725675121, 0.4709452679220677, 0.36444032320516406, -0.0505968336634377, 0.2033862373946862, 0.18404096694699712]
[0.004135564613442666, 0.6552024931956991, 0.7181831311138338, 0.418568086933937, -0.05047579764945298, 0.41518995173749884, 0.3151966290548215, -0.0834354167057294, 0.47663693094621185, 0.33867667017408176]
[0.49254239635879904, 0.47750370020331256, 0.4450911744385476, 0.2822328058704481, 0.5037972304891509, 0.24860341656940543, 0.5764363563960713, 0.5612694751391122, 0.5396170653996866, 0.5614456774514405]
[0.4531728592787261, 0.5001405583375177, 0.6127495658123875, -0.3331575962358413, 0.4857706178138069, 0.2423425228221976, 0.4259688970112234, 0.4895249016993185, 0.505393717430093, 0.2974968265020286]
[0.35730956649828916, 0.4781011234060686, 0.5273560032127236, 0.4866801693522348, 0.5240173077101213, 0.3008220025548617, 0.6855488491418715, 0.6143375734910732, 0.2228726278045432, 0.3577966876614572]
[0.4064008010430491, 0.5724455774421626, 0.44340246027924424, 0.3277951783559099, 0.6700298492694428, 0.20198739150563683, 0.39869531443558714, 0.5345451217672818, 0.5453315346271241, 0.5317977807751195]
[0.4538654429906408, 0.5547010906630268, 0.44623399240829287, 0.5572805142020887, 0.31956305411099484, 0.27115645307711445, 0.6437633504391749, 0.3539755130946196, 0.5339443138036977, 0.44516400717986615]
[0.3946460772748901, 0.6491861573692579, 0.45621358120121513, 0.44662608516185875, 0.5285295855285297, 0.35606653443601033, 0.3924274331508829, 0.3342159825421148, 0.35882478858486266, 0.30937660800073763]
[0.37620463592163766, 0.5153274662114178, 0.6018663150868626, 0.4846879130234635, 0.42629200898817243, 0.3576451711292795, 0.5890686319024504, 0.23402793196181504, 0.22070540379546888, 0.45352512030670045]
[0.5230022761987008, 0.47488942989829286, 0.45236571954453575, 0.2291302306607209, 0.6015210712716741, 0.505404127190659, 0.4592526803597696, 0.5062593154085197, 0.5955681341078292, 0.6164688401796404]
[0.40686608997764884, 0.43202555874735804, 0.5073767847328117, 0.5261203195482693, 0.5910002774717542, 0.4948268658710866, 0.5428527026973226, 0.3122603858430859, 0.26623620587535757, 0.6762246772336791]
[0.49290237189830877, 0.404739107237587, 0.3458364948968673, 0.33082558404927753, 0.6343325180919774, 0.20603730614520432, 0.3565190591872456, 0.4648618720127783, 0.32683078515065356, 0.5754208768172695]
[0.3188752589828552, 0.321337697574099, 0.516556584569155, 0.31058615861459116, 0.24396608445653567, 0.5238700003754989, 0.5651949023952849, 0.40870556480337694, 0.5906237292159164, 0.43827761067503646]
[0.36959702247486104, 0.5495501863519769, 0.498611326798859, 0.4587757227911088, 0.5903409738603602, 0.48558820124909463, 0.4185948648685708, 0.4317970155036248, 0.43703102429471996, 0.5915569511301977]
[0.38478225325937254, 0.4667131441360717, 0.3866288609661479, 0.4374927335355897, 0.5596118351926659, 0.549632503554123, 0.46919262623565916, 0.3891882257321443, 0.6140521307748783, 0.5598534304416136]
[0.4800936410397263, 0.43836159731483726, 0.4981735163829515, 0.22917943914570904, 0.5410769059907203, 0.4707686186456119, 0.4935866380900773, 0.540906950921535, 0.18282155490522145, 0.09886467365339424]
[0.39411195153891465, 0.4345801987547998, 0.5577032944337947, 0.42731241862385916, 0.5149248772504315, 0.543588404314267, 0.30281813859590423, 0.3837905516851785, 0.10901308439636614, 0.47329927744661826]
[0.5884909050582886, 0.448835914972633, 0.4577550428757561, 0.611457011065438, 0.27594754373145525, 0.5778858714952239, 0.2576078281844749, 0.4080661313503392, 0.41264685187180106, 0.5673054653202767]
[0.19924901906184256, 0.3890418530568672, 0.37030023829207226, 0.18669814422260522, 0.3970655639824324, -0.03074169800351423, 0.4894199682455245, 0.559219281858868, 0.5632685562491971, 0.40741945163975113]
[0.7248097042160337, 0.43835595090033996, 0.28079136242541314, 0.4494253262644281, 0.62909999452633, 0.35867912731503604, 0.5604618011743054, 0.48910430089967094, 0.5004725393367475, 0.27234891540693196]
[0.3407851840975954, 0.46407086201760905, 0.38141432880916926, 0.49443458580086874, 0.45724928224892203, 0.5202288125885641, 0.385398813657566, 0.4158538349268892, 0.5114521656318016, 0.3603788075585389]
[0.2128191601334387, 0.3654984930915376, 0.48778831891917607, 0.33250462796779523, 0.60125878416151, 0.60670733758425, 0.388239883463266, 0.4030753115967357, 0.3559832711101175, 0.4614445278067636]
[0.38321130539726045, 0.6204595861159874, 0.6275683356978146, 0.22913396316176216, 0.30328795999183655, 0.5067751290636751, 0.537550724627067, 0.5643806800723343, 0.4144787585010763, 0.24210168856825665]
[0.6387418938759242, 0.3916164610704841, 0.2828774841629632, 0.49847923179848397, 0.5424581854511332, 0.29932933937997197, 0.3554216725213023, 0.6699037091893865, 0.38991000674823517, 0.4755566731758397]
[0.4481051202554138, 0.3709579172040238, 0.41493284460031, 0.6417749833848555, 0.33353647434659306, 0.41718559933264, 0.3842679285806778, 0.5431103815192238, 0.39213733636014547, 0.43248536776113633]
[-833.1194553727041, -738.1460827626756, -201.00267147229732, -419.10333592051137, -1761.232828761089, -1563.7722379444363, -960.4019635934146, -539.1000322437292, -630.8517080748315, -1145.2907977546095]
[0.11691774156913992, 0.3432383502491725, 0.33803428157867543, 0.5932700118323259, 0.69341754663202, 0.5328012645612981, 0.24870315393141473, 0.505511493543013, 0.6022401774591397, 0.486281702387369]
[0.47599537387682767, 0.6266156608066398, 0.4896395702074867, 0.6495098900676309, 0.31641299080663343, 0.25373555947745785, 0.43464533572461417, 0.5381145813136977, 0.47972841917503195, 0.41945322652583317]
[0.5087142735585312, 0.415071400802273, 0.32744253406470425, 0.35586020136104224, 0.49857505664632196, 0.5599436085996766, 0.47716239747171674, 0.2688567133330082, 0.29782564275271395, 0.48884369047707676]
[0.46353532716322376, 0.5628966865976894, 0.25206846769889313, 0.4624170198263965, 0.33462429574098385, 0.5435629860505842, 0.5799563672219414, 0.4298268390281136, 0.595581726801104, 0.3446257976499937]
[0.09568942016433091, 0.04462914081992064, 0.5392580965907008, 0.7232349642748731, 0.49932151978019645, 0.6407853605051375, 0.36482296154442284, 0.6207645730783153, 0.5830107432750499, 0.4318758562434717]
[0.41587509898260633, 0.3372118476705003, 0.3816907523324965, 0.5704085332830358, 0.4037440204662801, 0.3133723603927405, 0.6140875837732778, 0.510420933565283, 0.6284651678492708, 0.5560015208684992]
[0.47974739925521026, 0.3242283388409516, 0.6826996448984061, 0.26972639514792696, 0.45693041384420374, 0.25317341193283527, 0.31321705493836327, 0.45348337852314524, 0.49603697208454245, 0.45891244937549036]
[0.5433384390392377, 0.25764173070404317, 0.20882729169043002, 0.7490758374393546, 0.2874712421253459, 0.35918686986519255, 0.24771110918510741, 0.45432861368377286, 0.577586585966419, 0.512024925715322]
[0.4570638442011917, 0.5702053569258879, 0.4324223857420425, 0.5630531552851268, 0.3054999722815087, 0.591628467487235, 0.5134033384777721, 0.5977999158648237, 0.44440569455062273, 0.22766359112807544]
[0.41517694535975425, 0.4473424401572065, 0.49163450621137395, 0.48167186680417995, 0.4466747554239584, 0.5701267081511223, 0.505837974427001, 0.43560803779361634, 0.4872540165399891, 0.5874228859048586]
[0.3206757635451758, 0.2960748939741682, 0.49012071355256825, 0.2842749965171739, 0.5770414339498953, 0.49176621999606096, 0.4196898068035818, 0.5454716833108759, 0.4170186172084638, 0.2969224244271853]
[0.15751805420472242, 0.47449417717234443, 0.3851263266318201, 0.360025650157369, 0.33727732548347633, 0.24826930616316067, 0.5908297699946377, 0.5712851395505814, 0.6738503591346339, 0.6860623465917899]
[0.42229091718185896, 0.4869814027761785, 0.47686651290874027, 0.34754087772099296, 0.08597655775958335, 0.3671877127169847, 0.5540514824521519, 0.5908505553122811, 0.590687397444021, 0.43380909540460644]
[0.41551339547090427, 0.46155956414976296, 0.4559368602410321, 0.20419245878356762, 0.5997665478867852, 0.7115418612900446, 0.3677968803338697, 0.5136292518946303, 0.46051981264119235, 0.468217445971403]
[0.37886873494903095, 0.43783371628878576, 0.5111181740592949, 0.4316653423239355, 0.31817090985652796, 0.31679531310686115, 0.37072081631476705, 0.5206691645131966, 0.5807850460097238, 0.4259382481179639]
[0.4763863711563613, 0.5194311692004393, 0.2992826577672578, 0.3501442457065349, 0.5355691237857947, 0.5993713860154912, 0.2470136005934377, 0.5628578121023577, 0.410028255602619, 0.3914518388445192]
[0.657070047516022, 0.47940129883771454, 0.27624032708805846, 0.5359866378501472, 0.3009912229255577, 0.4732659380059727, 0.5117204944319191, 0.3930277803094848, 0.5228152249513356, 0.5270037708072932]
[0.3438129272287149, 0.5185970541048234, 0.6743746164387671, 0.58355533531258, 0.35275375369468687, 0.5448202391707737, 0.5771156381664575, 0.3812628422092559, 0.4172128560839016, 0.41397751080842327]
[0.30458998249394376, 0.18214400661218155, 0.327595302616294, 0.41493087767073367, 0.6470386646038772, 0.4533609171211038, 0.4408264249412309, 0.5868314693204912, 0.2593013522471441, 0.5339778754720621]
[0.1891987443403491, 0.3542480182827874, 0.5492148523443925, 0.4017448955673725, 0.48248696168069494, 0.5775971386596821, 0.49938824816277017, 0.21724827548541104, 0.5903519767532888, 0.3872466485764575]
[0.2609085793072706, 0.5349700093350813, 0.5095486629280146, 0.5507566256986558, 0.4931704541790469, 0.6354258896254555, 0.587337720776957, 0.3988139059470426, 0.21950664431991418, 0.6553916130436315]
[0.29460849441253245, 0.5312511146953881, 0.5694313271441914, 0.5571429652178296, 0.5801619810531131, 0.39811415806466177, 0.5556148713071555, 0.5422710651204676, 0.1753072789523351, 0.4999248371523408]
[0.43646447351225104, 0.5871049703355261, 0.5097033892645413, 0.4699687548024588, 0.32837165419842274, 0.5000631734702121, 0.33538035601033134, 0.4683096119796868, 0.14783921047933424, 0.36745173256951924]
[0.3538713782380609, 0.5585019252919945, 0.2643841037494258, 0.4400847238105039, 0.3596644997876568, 0.4618113436184481, 0.20660751176761116, 0.5213623422498948, 0.6474246421365935, 0.49978160624617807]
[0.4146564863486101, 0.6375389549958399, 0.5988472329245614, 0.5590611469533201, 0.5808266728869912, 0.2941413076075241, 0.43949872406010193, 0.5504350573254913, 0.43203552325985095, 0.20675969986634368]
[0.47060862599264575, 0.7157393963299821, 0.5565541684346212, 0.4765109967496288, 0.34836252721743777, 0.510938599041549, 0.5100284994799256, 0.45618562560471987, 0.35548571486779423, 0.5002301044126276]
[0.32973004835364683, 0.4976207237938942, 0.19241428093537438, 0.41006438902836273, 0.3585608911884106, 0.5579742717626587, 0.44342089119907324, 0.5317721602074099, 0.5497309068102971, 0.5627729727455845]
[0.30382128134764097, 0.7160845477482898, 0.4407994143709102, 0.5382935147606172, 0.30920233558709886, 0.4924619480443593, 0.44549017598114804, 0.561535241252072, 0.4310500243826313, 0.22624834092249935]
[0.3076186895675864, 0.6338030780176298, 0.3194690185365392, 0.5010804382260579, 0.6292846916286642, 0.5647566444901102, 0.3934872447754597, 0.4241076509233729, 0.32694495214818287, 0.2739719967400005]
[0.20951099015469887, -0.2826896391585785, 0.6440305313511286, 0.520346473433853, 0.6234281821049065, 0.42906127552616946, 0.528540166445776, 0.4283608833402981, 0.4333897523713859, 0.6607654281793791]
[0.42687991203101794, 0.46762011459110575, 0.47371054020588776, 0.3708240584181872, 0.6139929977594799, 0.4627829929137013, 0.5301473156292652, 0.2985134132106694, 0.23324501722403124, 0.22095765976513637]
[0.36672432659318754, 0.5593458926986168, 0.3509932455203212, 0.5441637191368056, 0.5046368224162476, 0.5256093932820974, 0.6166469818101372, 0.623324168580957, 0.3534652711307382, -0.19444420143721053]
[0.3200677161454005, 0.49855791516174264, 0.5680463436242886, 0.4219405642893761, 0.534038494004107, 0.30926322131891304, 0.45490621226146266, 0.6045371061147322, 0.45645573099569803, 0.5703334865947353]
[0.3995912600917225, 0.4998242243846469, 0.3183141988239776, 0.549174375579809, 0.2867730524395995, 0.6033745641849482, 0.6102535152709745, 0.3629734008067116, 0.41086848246300856, 0.5939465568547319]
[0.41046372064673076, 0.5486122132713201, 0.2997060469370153, 0.19357223021630765, 0.500403343007424, 0.5683030046278769, 0.21514718459335624, 0.2575655004734936, 0.5644978779819324, 0.4160122401106351]
[0.2300886503458146, 0.41036141376407087, 0.5660039330572993, 0.48827479411031205, 0.5143754742118714, -0.8137991067689481, 0.5795766294962765, 0.33741194322813906, 0.5877770601766629, 0.5413409106476853]
[0.40466936849110335, 0.4265145030074312, 0.6441674854999366, 0.45204006901815363, 0.6915413063223675, 0.24214982317209965, 0.4382418994993279, 0.4893449809019972, 0.16974943594913794, 0.5609399899621171]
[0.5605990804650636, 0.5175468417262117, 0.6132347883513096, 0.29250157580056424, 0.5734876498457598, 0.5584127899065404, -0.05463787325983671, 0.4793482474578874, 0.3776561764193753, 0.4598903637096542]
[0.06400082676005525, 0.4371096939937543, 0.3699150399209845, 0.4481685506794769, 0.311401764417507, 0.4223634724350719, 0.5444308297303639, 0.5360136350048557, 0.5400771818228756, 0.5256742025582893]
[0.4564116156810989, 0.11946503716956502, 0.3226960625105063, 0.6775498222254579, 0.5145862112249993, 0.5161294665479166, 0.4376233960580901, 0.5034336253733773, 0.454261335562929, 0.6438819913423373]
[0.5655930882803314, 0.43324252302302213, 0.40620634168430203, 0.5144469165059221, 0.5049378486135692, 0.39617892243051367, 0.514299120239942, 0.5189055445272381, 0.5869330226987242, 0.6046725673350251]
[0.3293819323231859, 0.49034870362803495, 0.4420450418450498, 0.43650083583318045, 0.5354970175441979, 0.5935462050790091, 0.4843705698874915, 0.5962925207179696, 0.32275725515247555, 0.5922925969788332]
[0.6128495666738217, 0.40406656627366877, 0.4662799108619897, 0.0845161190252588, 0.18549164431035436, 0.4116261196495258, 0.4581560167839085, 0.38186345725391835, 0.5775610613998752, 0.5513165629289352]
[0.4926243995596655, 0.6647673933263416, 0.6345670611085308, 0.15711112150627304, 0.3356330612332775, 0.20270891185766593, 0.524986899313012, 0.48125260295587446, 0.5257452823368702, 0.5234792652277445]
[0.43488610644521397, 0.44481572683969817, 0.5652498029830325, 0.5932181885495384, 0.5691638543695822, 0.5426558528141856, 0.4884535230611091, 0.41395725479015677, -0.056243255950420235, 0.5665378152067948]
[0.5363756486701139, 0.4852403683293601, 0.6012827013528259, 0.42729195680192356, 0.39164975034020644, 0.37444325992269, 0.5504685363610531, 0.17644409628612523, 0.6463876033078357, 0.4318363289722579]
[0.4761539828137845, 0.5304057552002921, 0.5607759667784988, 0.09177244864789802, 0.426057275747876, 0.43119739547073976, 0.4476026314820477, 0.2832018286796095, 0.44117105372893317, 0.3796621300335269]
[0.47105325701612866, -0.10992680371996144, 0.49913913865525894, 0.5409544463259317, 0.35977184004665475, 0.5850474726279312, 0.6060562467725878, 0.42137676879260866, 0.5314540012002971, 0.49126739577862333]
[0.3249662176861495, -0.04238373626651981, 0.18928973588039688, 0.6193603622978863, 0.5232744147371278, 0.5917859817187805, 0.4979058469434914, 0.48980846691132574, 0.6344840889133503, 0.5897603714409585]
[0.6129394170416325, 0.3924365824295264, 0.49364751579370336, 0.47581645564065067, 0.3418883947385356, 0.4943546630975486, 0.40098114186083467, 0.3957884833603783, 0.6114617774741655, 0.5772692303712381]
[0.4398113061874518, 0.21406291600745375, 0.5737579971774084, 0.3917054723891569, 0.2979422487708755, 0.584556549117685, 0.3239555628083153, 0.5942727210891579, 0.4789300951474863, 0.3349699937032057]
[0.4427698573685389, 0.41998140212787805, 0.4955630430660396, 0.5238330579730686, 0.49749871372157073, 0.5259982895421301, 0.1685513545681382, 0.6198945209070665, 0.46239607117510173, 0.12702486559980897]
[0.5330022723028278, 0.6810358359537283, 0.5846563841250072, 0.43261398330219514, 0.3392325810986896, 0.3003353930142847, 0.3856361672709404, 0.4810779071901089, 0.5642341143402558, 0.4376833026329088]
[0.547427248373077, 0.5100303847793713, 0.43645252700387516, 0.4899147060116881, 0.4129172390312217, 0.46904291264755404, 0.6435288985425289, 0.35245140659770247, 0.4884106201470402, 0.3517369813419544]
[0.5778063570678382, 0.3612406190572529, 0.5024043310542958, 0.5074829471363643, 0.39219436593671675, 0.5864104281048856, 0.2549945438021165, 0.46051924081321094, 0.39643887990961024, 0.053055826814463636]
[0.21566978646381263, 0.5383535701366107, 0.6312234218083363, 0.37781013567627386, 0.5361200242582354, 0.1990806864007798, 0.5178871924407462, 0.4688753994743904, 0.5046023603620413, -0.2661552930032205]
[0.6518554167433557, 0.2851151070512087, 0.5591368081224226, 0.612090944671378, 0.3768027628493489, 0.3968384421323612, 0.5533777210435231, 0.35113826268310333, 0.5268024781749395, 0.5350448315990257]
[0.5573060504538396, 0.4063604424558519, 0.48043404324266215, 0.4926141140843784, 0.46414839681193265, 0.3954386770006941, 0.47051062007276445, 0.41483115408873117, 0.37584875170812215, 0.5314858709687771]
[0.42278390704338975, 0.49176859048537536, 0.4506232581479409, 0.4011033593785128, 0.36490306874700484, 0.44280302101909086, 0.29804611728060115, 0.2904422163753285, 0.42659763709534304, 0.5458351453825222]
[0.16779311832803823, 0.31673101256573966, 0.4210335090426316, 0.6109799570507991, -0.33896844183498764, 0.6408165403073576, 0.4201783205181201, 0.7282118324700573, 0.5267927909882351, 0.2910424634929014]
[0.520506314833634, 0.3039925425893185, 0.4088175553050638, 0.3520582966472361, 0.5657063573207588, 0.5565347757920568, 0.30358959571535227, 0.5349118440450206, 0.43933935459516504, 0.5974614961202318]
[0.6441318942027009, 0.3750827523015291, 0.17293251831254297, 0.47486706891103636, 0.5027204708580504, 0.373836080381319, 0.5171897080951618, 0.4405220713475777, 0.6115813397568755, 0.428879476213195]
[0.4204405547052362, 0.21876092065020902, 0.352609734355264, 0.5276387920436241, 0.5339794929157156, 0.45526003935886583, 0.4896208839100108, 0.40069885612928957, 0.4254291154252824, 0.39093512173486233]
[0.6594087555642669, 0.16851036785285545, 0.6113117208210643, 0.5624361103909132, 0.2858484465747254, 0.5032253478095524, 0.4017410134291959, 0.37418386745839327, 0.5141425447872741, 0.16538262108034274]
[0.503127936296765, 0.49512931957008577, 0.38077207282980796, 0.2892831908764253, 0.4658052812288277, 0.4608616628982586, 0.44939122709694956, 0.17704793795893792, 0.46767046639941035, 0.6671764197506346]
[0.4415569294110372, 0.4880868601993156, 0.40237578420358167, 0.5350510041541832, 0.2945322822090395, 0.4753608116710817, 0.5797907773853712, 0.5178558751128493, 0.36402678336095395, 0.27334897903356115]
[0.4170429283423226, 0.12639130252082187, 0.45581492153766945, 0.42461943123836776, 0.3884547447343496, 0.5088053163155091, 0.4285500005342966, 0.4298652918297855, 0.5235968755655135, 0.38521431995404376]
[0.5873377889573779, 0.5301179195040976, 0.4837378335736243, 0.3601806743314987, 0.4710009215262547, 0.2605718751575018, 0.2783938014580868, 0.4400526940188947, 0.3343431281161885, 0.48850882728826284]
[0.5878761068837244, 0.5124732364743145, 0.31208224570113074, 0.484248150500018, 0.3898264412738801, 0.252039242038946, 0.6226076778712217, 0.34428064859318885, 0.27652098584407536, 0.537961955411089]
[0.283396553221111, 0.4728645490059604, 0.5252984551964186, 0.5211666451974681, 0.4782620974782018, 0.3731686139784406, 0.39822938557274745, 0.37405632513914266, 0.3578265117200381, 0.5583289163751589]
[0.5709741696255006, 0.6140994562302591, 0.3844193309068651, 0.5166322715234204, 0.3435099382624276, 0.62253210224158, 0.18894470124499185, 0.47605297465536034, 0.3600734458233529, 0.4278277941946732]
[0.22530594052298702, 0.3356489205725096, 0.6465177795858645, 0.45970887960715334, 0.3916888574217319, 0.5185047379150483, 0.09765458448658126, 0.42469242379786565, 0.5682430974617217, 0.48433780095298884]
[0.569302497251533, 0.4342974472413059, 0.3603474827778371, 0.6351554839049401, 0.1736661595407778, 0.6422316819986207, 0.39455994586293563, 0.541193757367382, 0.506944014464719, 0.48829043691349994]
[0.47818892995574835, 0.27040358561024225, 0.5169295300811595, 0.3960982435429635, 0.5886061796409605, 0.365907282432288, 0.5049043870690264, 0.47143582157264996, 0.5856774066510397, 0.1587795650431011]
[0.46391874645478715, 0.4566637904166263, 0.5584094206865071, 0.38879967141138894, 0.12651411749550956, 0.3745903263650828, 0.612594110970309, -0.175814730377716, 0.26903937875996586, 0.6865953336405295]
[0.46126130154205036, 0.4773430605174336, 0.5138819189830203, 0.3783536429769361, 0.6087021991738588, 0.5165310678563373, 0.5881855438842728, 0.5177357555346569, 0.20306368487100612, 0.3798916838558126]
[0.5870576090741927, 0.4221578617729217, 0.3566523392712708, 0.3721712287530631, 0.4788007788892893, 0.38453590267004445, 0.40766415108796117, 0.5715519507474782, 0.18704687715930468, 0.2759401709073651]
[0.5541954720562894, 0.5605218739560882, 0.47379084045549613, 0.3270526365268116, 0.19941910375208083, 0.45358327396743736, 0.30662297510185166, 0.3847144383591662, 0.4505789859518291, 0.5101985420361441]
[0.5179240765727362, 0.5447671040314679, 0.4176742737548649, 0.5190759902343154, 0.395331187605215, 0.46638530860338767, -0.7567910585003506, 0.47494654184101026, 0.5716907955279632, 0.42565176950964834]
[0.5436496140305483, 0.5495646579160021, 0.4908770204700945, 0.53958827411651, 0.615223175406584, 0.22447898418691326, 0.35513835953347983, 0.43559102676314354, 0.5224210219015966, 0.5021029127519099]
[0.31859974845480343, 0.44196147509005135, 0.3536339489354622, 0.4796663481987963, 0.3128245580417359, 0.4580399071090998, 0.5157585750828244, 0.4909039863820044, 0.36958800568210726, 0.4888390657385274]
[0.4958830809027053, 0.3684150624127903, 0.7228933786689012, 0.4823384101466931, 0.49440605941288496, 0.5440323580768384, 0.35118620479046603, 0.23070097239637033, 0.6153721103232663, 0.15319430409768997]
[0.6481438810059569, 0.35397341558612694, 0.578717897934319, 0.6224014431915526, 0.2662762290761148, 0.412129390829716, 0.5654089236893229, 0.6041341619253074, 0.39924877917772794, 0.3239130025292529]
[0.5667853157037411, 0.5466712732924799, 0.37421007291425223, 0.32033142002576465, 0.3531295211965991, 0.46166979015442444, 0.6050092365312089, 0.6186488409341431, 0.5198794003323775, 0.42670596374852876]
[0.41730345512551437, 0.5060197042022685, 0.4363343582438657, 0.5600374372262158, 0.4918934499232219, 0.2261341169207024, 0.17582032429921812, 0.21914585833173372, 0.4612403696321178, 0.5051819969156669]
[0.604417593434766, 0.4412771506046397, 0.4543393825211107, 0.19569978848731195, 0.5252766745385353, 0.2794675420964462, 0.3573246427924418, 0.6281866999752415, 0.540712084176727, 0.3585333312638934]
[0.33091599991622345, 0.4647121077371237, 0.5113158682551332, 0.5144586464825585, 0.6432750615162228, 0.5518817933825706, 0.41018436965173266, 0.45310301236130535, 0.44093759076372063, 0.4040863198952247]
